1     183.62     38.98     31.93    522.60
2     194.03     71.22      0.36    539.04
3     177.04     97.58     29.52    758.08
4     196.88     86.83      7.39    558.06
5     166.84     60.21     28.50    711.34
6      21.14     29.60     11.12    472.52
7      11.93     36.73     21.84    469.61
8      71.59     65.54     31.30    443.24
9     144.35     32.54     43.91    654.26
10     53.06     33.37      5.26    427.45
11     97.20     39.53     32.86    546.96
12     10.15     20.66      5.40    835.68
13     21.87     87.39      1.46    455.99
14    119.35     70.94     49.92    599.52
15    179.23     73.54     37.81    281.08
16     13.15     45.08      3.04    566.68
17     71.50      3.13     19.70    539.00
18     69.66     38.21     24.97    693.07
19    117.84     90.21     25.81    659.31
20     62.20      4.25     11.09    420.56
21    175.56     80.65      7.05    398.61
22     29.63      0.80     43.63    419.53
23    171.49     94.10     19.67    399.18
24     97.87     74.63     27.55    787.57
25    134.32      8.96     41.24    559.50
26     74.68     16.67     49.54    537.38
27     25.75     32.31     12.97    676.53
28    156.02      3.26     19.32    538.90
29    171.27     53.53     14.21    679.87
30     22.25     69.11     10.89    303.21
31      9.97     64.35     43.90    420.88
32     26.81     12.84     23.21    800.28
33     12.32     88.37     41.09    621.13
34     96.39     55.06     25.61    607.40
35    129.27     80.06     33.71    432.49
36    199.56     33.50      6.33    609.48
37     60.46     80.72     36.90    639.63
38     87.33     80.53     27.32    403.39
39     85.95     66.89     35.75    411.06
40    195.18     34.03     26.71    362.41
41    151.91     56.99      0.48    945.65
42     28.61      0.54     10.81    718.49
43     79.71     64.11     11.12    566.25
44     65.52     36.02     22.01    823.43
45    141.98     87.44     49.32    309.76
46    193.92     82.68      2.49    587.14
47    136.71     44.97     33.08    445.89
48     64.10     54.55     47.44    685.26
49     91.38      0.78      1.31    647.84
50      1.09      7.19     20.15    550.16
